Pit:,0
     fcb 0,37,0,0
     fcb 0,38,-38,0
     fcb 0,7,0,0
     fcb 0,-25,25,0
     fcb 0,6,6,0
     fcb 0,37,0,0
     fcb 0,6,-6,0
     fcb 0,0,-8,0
     fcb 0,-6,-6,0
     fcb 0,0,-8,0
     fcb 0,6,-6,0
     fcb 0,0,-12,0
     fcb 0,-6,-6,0
     fcb 0,-6,6,0
     fcb 0,-6,0,0
     fcb 0,6,-6,0
     fcb 0,0,-44,0
     fcb 0,-58,-58,0
     fcb 0,-37,0,0
     fcb 0,-25,25,0
     fcb 0,-7,0,0
     fcb 0,0,-6,0
     fcb 0,15,-15,0
     fcb 0,-6,-6,0
     fcb 0,-20,0,0
     fcb 0,-6,6,0
     fcb 0,0,6,0
     fcb 0,-12,-12,0
     fcb 0,-6,0,0
     fcb 0,-6,6,0
     fcb 0,0, 34,0
     fcb 0,6,6,0
     fcb 0,6,0,0
     fcb 0,18,-18,0
     fcb 0,6,0,0
     fcb 0,-24,24,0
     fcb 0,37,0,0
     fcb 0,58,58,0
