
poser1: fcb 1,4,17,0
       fcb 1,11,27,0
       fcb 1,28,35,0
       fcb 1,48,34,0
       fcb 1,59,27,0
       fcb 1,66,15,0
       fcb 1,69,1,0
       fcb 1,67,-14,0
       fcb 1,60,-26,0
       fcb 1,48,-34,0
       fcb 1,29,-35,0
       fcb 1,14,-29,0
       fcb 1,4,-14,0
       fcb 1,1,0,0
poser2: fcb 1,4,17,0
       fcb 1,11,27,0
       fcb 1,28,35,0
       fcb 1,48,34,0
       fcb 1,59,27,0
       fcb 1,66,15,0
       fcb 1,69,1,0
       fcb 1,67,-14,0
       fcb 1,60,-26,0
       fcb 1,48,-34,0
       fcb 1,29,-35,0
       fcb 1,14,-29,0
       fcb 1,4,-14,0
       fcb 1,1,0,0
poser3: fcb 1,4,17,0
       fcb 1,11,27,0
       fcb 1,28,35,0
       fcb 1,48,34,0
       fcb 1,59,27,0
       fcb 1,66,15,0
       fcb 1,69,1,0
       fcb 1,67,-14,0
       fcb 1,60,-26,0
       fcb 1,48,-34,0
       fcb 1,29,-35,0
       fcb 1,14,-29,0
       fcb 1,4,-14,0
       fcb 1,1,0,0
poser4: fcb 1,4,17,0
       fcb 1,11,27,0
       fcb 1,28,35,0
       fcb 1,48,34,0
       fcb 1,59,27,0
       fcb 1,66,15,0
       fcb 1,69,1,0
       fcb 1,67,-14,0
       fcb 1,60,-26,0
       fcb 1,48,-34,0
       fcb 1,29,-35,0
       fcb 1,14,-29,0
       fcb 1,4,-14,0
       fcb 1,1,0,0
poser5: fcb 1,4,17,0
       fcb 1,11,27,0
       fcb 1,28,35,0
       fcb 1,48,34,0
       fcb 1,59,27,0
       fcb 1,66,15,0
       fcb 1,69,1,0
       fcb 1,67,-14,0
       fcb 1,60,-26,0
       fcb 1,48,-34,0
       fcb 1,29,-35,0
       fcb 1,14,-29,0
       fcb 1,4,-14,0
       fcb 1,1,0,0
poser6: fcb 1,4,17,0
       fcb 1,11,27,0
       fcb 1,28,35,0
       fcb 1,48,34,0
       fcb 1,59,27,0
       fcb 1,66,15,0
       fcb 1,69,1,0
       fcb 1,67,-14,0
       fcb 1,60,-26,0
       fcb 1,48,-34,0
       fcb 1,29,-35,0
       fcb 1,14,-29,0
       fcb 1,4,-14,0
       fcb 1,1,0,0
