The_Pit: fcb 0,-22,60,0
           fcb 1,11,60,0
           fcb 1,28,39,0
           fcb 1,30,48,0
           fcb 1,20,60,0
           fcb 1,45,60,0
           fcb 1,45,36,0
           fcb 1,38,39,0
           fcb 1,36,34,0
           fcb 1,44,27,0
           fcb 1,44,-20,0
           fcb 1,11,-67,0
           fcb 1,-22,-67,0
           fcb 1,-35,-55,0
           fcb 1,-38,-59,0
           fcb 1,-31,-67,0
           fcb 1,-55,-67,0
           fcb 1,-55,-40,0
           fcb 1,-47,-49,0
           fcb 1,-42,-45,0
           fcb 1,-61,-26,0
           fcb 1,-61,25,0
           fcb 1,-22,60,0
